0200000000000000

0200090000000000

0200000000000000

02000f0000000000

0200000000000000

0200040000000000

0200000000000000

02000a0000000000

0200000000000000

02002f0000000000

0200000000000000

0200050000000000

0200000000000000

0000000000000000

00000c0000000000

0000000000000000

00000a0000000000

0000000000000000

0200000000000000

02002d0000000000

0200000000000000

0000000000000000

0000050000000000

0000000000000000

0000150000000000

0000000000000000

0000270000000000

0000000000000000

0000170000000000

0000000000000000

00000b0000000000

0000000000000000

0000080000000000

0000000000000000

0000150000000000

0000000000000000

0200000000000000

02002d0000000000

0200000000000000

0000000000000000

00000c0000000000

0000000000000000

0000160000000000

0000000000000000

0200000000000000

02002d0000000000

0200000000000000

0000000000000000

00001a0000000000

0000000000000000

0000040000000000

0000000000000000

0000170000000000

0000000000000000

0000060000000000

0000000000000000

00000b0000000000

0000000000000000

00000c0000000000

0000000000000000

0000110000000000

0000000000000000

00000a0000000000

0000000000000000

0200000000000000

02002d0000000000

0200000000000000

0000000000000000

00001c0000000000

0000000000000000

0000270000000000

0000000000000000

0000180000000000

0000000000000000

0000150000000000

0000000000000000

0200000000000000

02002d0000000000

0200000000000000

0000000000000000

00000e0000000000

0000000000000000

0000080000000000

0000000000000000

00001c0000000000

0000000000000000

0000050000000000

0000000000000000

0000120000000000

0000000000000000

0000040000000000

0000000000000000

0000150000000000

0000000000000000

0000070000000000

0000000000000000

00002a0000000000

0000000000000000

00002a0000000000

0000000000000000

00002a0000000000

0000000000000000

00002a0000000000

0000000000000000

0000270000000000

0000000000000000

0000040000000000

0000000000000000

0000150000000000

0000000000000000

0000070000000000

0000000000000000

0200000000000000

0200300000000000

0200000000000000

0000000000000000

0000280000000000

0000000000000000

